0,472
0,273
0,270
3,2
3,1
3,3
10,116
10,235
10,224
10,221
10,79
10,280
10,200
10,6
10,2
10,3
11,19
11,12
11,27
9,7
8,14
8,15
8,8
8,12
190,5
190,4
190,3
190,2
190,1
190,0
187,5
187,4
187,3
187,2
187,1
187,0
184,5
184,4
184,3
184,2
184,1
184,0
181,3
181,2
181,1
181,0
180,3
180,2
180,1
180,0
179,4
179,3
179,2
179,1
179,0
178,4
178,3
178,2
178,1
178,0
177,3
177,2
177,1
177,0
20,3
20,2
20,1
19,3
19,2
19,1
12,3
12,2
12,1
11,30
11,29
11,28
11,26
11,24
11,23
11,22
11,21
11,20
11,18
11,17
11,16
11,15
11,14
11,13
11,11
11,10
11,9
11,8
11,7
11,6
11,5
18,1
11,4
11,3
11,2
18,3
11,1
14,1
10,301
14,3
13,1
10,296
13,3
10,295
10,291
10,276
10,273
10,265
10,264
10,259
10,254
10,249
10,246
10,245
10,244
10,242
